      0/29        0G   0.07638   0.01316   0.01506    0.1046        14       640   0.02354    0.1255   0.01714  0.003339   0.09807   0.01608   0.01843
      1/29        0G   0.06318  0.008278   0.01359   0.08505         3       640    0.1501    0.3142    0.1494   0.04456   0.09454    0.0137   0.01735
      2/29        0G   0.05871  0.007989   0.01321   0.07991        14       640     0.233    0.6234     0.352    0.1324   0.07953   0.01532   0.01685
      3/29        0G   0.05237  0.008203   0.01223    0.0728         5       640    0.2416    0.3913    0.2203   0.06908    0.0796   0.01556   0.01638
      4/29        0G   0.05004  0.008453   0.01186   0.07035        17       640    0.4313    0.5463    0.4464     0.183   0.07037   0.01637   0.01615
      5/29        0G   0.04844  0.007946   0.01067   0.06706         6       640    0.4731    0.5665    0.4936    0.2003   0.06921   0.01741   0.01496
      6/29        0G   0.04738  0.007791  0.009562   0.06473         1       640    0.5729    0.6164    0.6502    0.3094    0.0684   0.01494   0.01585
      7/29        0G   0.04459  0.007257  0.008273   0.06012        10       640    0.6023    0.6005     0.634     0.293   0.08037   0.01263     0.015
      8/29        0G   0.04407   0.00708   0.00767   0.05882         5       640    0.6495    0.6694    0.6891    0.3387   0.07736   0.01325   0.01426
      9/29        0G   0.04097   0.00701  0.007395   0.05537         3       640    0.6297    0.6884    0.6868      0.33   0.06881   0.01486   0.01464
     10/29        0G   0.04039   0.00714  0.006684   0.05421         3       640    0.7255    0.6358    0.7194    0.3483   0.06579   0.01496   0.01325
     11/29        0G   0.03918  0.006846  0.006222   0.05224         4       640    0.6632    0.7231    0.7194    0.3432   0.06429   0.01587     0.013
     12/29        0G   0.03799  0.006981  0.006176   0.05114         7       640    0.7839    0.6073    0.7048    0.3481   0.06516   0.01532   0.01343
     13/29        0G   0.03849  0.006536  0.006159   0.05119         2       640    0.6496    0.6525    0.6739    0.3393   0.07384   0.01364   0.01429
     14/29        0G   0.03756  0.006578  0.005094   0.04923         6       640    0.6351    0.7166    0.6968    0.3595   0.07614    0.0128   0.01385
     15/29        0G    0.0366  0.006604  0.005058   0.04826         2       640    0.6444    0.7751    0.7423    0.3802   0.07522   0.01294   0.01292
     16/29        0G   0.03628  0.006279  0.005054   0.04762        11       640    0.6877     0.666    0.7131    0.3583   0.07354   0.01339   0.01461
     17/29        0G   0.03438  0.006299  0.004485   0.04516        11       640    0.7105    0.6689    0.7121    0.3544   0.07348   0.01364   0.01306
     18/29        0G   0.03516  0.006455   0.00451   0.04612         4       640    0.7106    0.6666    0.7246    0.3683   0.07252    0.0138   0.01368
     19/29        0G    0.0343  0.006268  0.003989   0.04455         5       640    0.7102    0.6963    0.7587    0.3901   0.07276   0.01379   0.01308
     20/29        0G   0.03394   0.00642  0.004221   0.04458         7       640    0.6718    0.6951    0.7352    0.3735   0.07105   0.01403   0.01372
     21/29        0G   0.03403  0.006301    0.0041   0.04443         6       640    0.6696    0.6999    0.7195    0.3695   0.07066   0.01393   0.01477
     22/29        0G   0.03351  0.006384  0.004005    0.0439         2       640    0.7193    0.7058    0.7437    0.3784    0.0714   0.01387   0.01246
     23/29        0G   0.03327  0.006186    0.0037   0.04315         3       640    0.6818    0.7107     0.734    0.3798   0.07103   0.01393   0.01281
     24/29        0G   0.03358  0.006142  0.004056   0.04378         1       640    0.6881    0.7408    0.7183    0.3827   0.07135   0.01378   0.01207
     25/29        0G   0.03309  0.006195  0.003824   0.04311        20       640    0.6423    0.7563    0.7318    0.3874   0.07062   0.01387   0.01252
     26/29        0G   0.03223   0.00588  0.003464   0.04158        11       640    0.7064    0.6863    0.7352    0.3934   0.07079   0.01367   0.01247
     27/29        0G   0.03132  0.005755  0.003084   0.04016         2       640    0.6503    0.7416    0.7271    0.3853   0.07053     0.014   0.01277
     28/29        0G   0.03168  0.005981  0.003283   0.04095         5       640    0.7358     0.721    0.7502    0.4036   0.07059   0.01359   0.01277
     29/29        0G   0.03199   0.00607  0.003244   0.04131         5       640    0.7167    0.6982    0.7277    0.3858   0.07057   0.01369   0.01319
